##阿木原本的USB摄像头参数
### 相机参数
#fx: 605.470704
#fy: 611.468755
#x0: 324.499673
#y0: 276.089923

### 畸变参数
#k1: -0.427227
#k2: 0.186877
#p1: -0.001946
#p2: 0.001820
#k3: 0.0

###我自己买的130度视场角USB摄像头参数
### 相机参数
fx: 417.268788
fy: 415.763925
x0: 345.363826
y0: 245.956580

### 畸变参数
k1: 0.04924
k2: -0.077196
p1: -0.001190
p2: -0.001011
k3: 0.0

##我自己买的170度视场角的USB摄像头参数
### 相机参数
#fx: 368.154501
#fy: 367.958117
#x0: 299.610315
#y0: 232.062923

### 畸变参数
#k1: -0.273242
#k2: 0.052909
#p1: 0.000362
#p2: 0.001526
#k3: 0.0

## aruco_det 二维码的边长(默认0.2m)
aruco_det_len: 0.188

## ellipse_det 圆的半径(默认0.2m)
ellipse_det_r: 0.5

## kcf_tracker 目标高度(默认1.7m)
kcf_tracker_h: 1.7

## landpad_det 降落板边长(默认0.6m)，0.6m包括边缘白色部分，黑色部分边长为0.4m
landpad_det_len: 0.188

## digitnum_det 数字周围的方框边长(默认1m)
digitnum_det_len: 0.162

## YOLO检测中的行人高度(m)
yolo_det_person_height: 1.7

## YOLO检测中的无人机宽度(m)
yolo_det_uav_width: 0.5
